564.4724849
566.3704908
568.2684967
570.1665025
572.0645084
573.9625143
575.8605202
577.758526
579.6565319
581.5545378
583.4525436
585.3505495
587.2485554
589.1465612
591.0445671
592.942573
594.8405789
596.7385847
598.6365906
600.5345965
602.4326023
604.3306082
606.2286141
608.12662
610.0246258
611.9226317
613.8206376
615.7186434
617.6166493
619.5146552
621.4126611
623.3106669
625.2086728
627.1066787
629.0046845
630.9026904
632.8006963
634.6987022
636.596708
638.4947139
640.3927198
642.2907256
644.1887315
646.0867374
647.9847433
649.8827491
651.780755
653.6787609
655.5767667
657.4747726
659.3727785
661.2707844
663.1687902
665.0667961
666.964802
668.8628078
670.7608137
672.6588196
674.5568255
676.4548313
678.3528372
680.2508431
682.1488489
684.0468548
685.9448607
687.8428665
689.7408724
691.6388783
693.5368842
695.43489
697.3328959
699.2309018
701.1289076
703.0269135
704.9249194
706.8229253
708.7209311
710.618937
712.5169429
714.4149487
716.3129546
718.2109605
720.1089664
722.0069722
723.9049781
725.802984
727.7009898
729.5989957
731.4970016
733.3950075
735.2930133
737.1910192
739.0890251
740.9870309
742.8850368
744.7830427
746.6810486
748.5790544
750.4770603
752.3750662
754.273072
756.1710779
758.0690838
759.9670897
761.8650955
763.7631014
765.6611073
767.5591131
769.457119
771.3551249
773.2531307
775.1511366
777.0491425
778.9471484
780.8451542
782.7431601
784.641166
786.5391718
788.4371777
790.3351836
792.2331895
794.1311953
796.0292012
797.9272071
799.8252129
801.7232188
803.6212247
805.5192306
807.4172364
809.3152423
811.2132482
813.111254
815.0092599
816.9072658
818.8052717
820.7032775
822.6012834
824.4992893
826.3972951
828.295301
830.1933069
832.0913128
833.9893186
835.8873245
837.7853304
839.6833362
841.5813421
843.479348
845.3773539
847.2753597
849.1733656
851.0713715
852.9693773
854.8673832
856.7653891
858.663395
860.5614008
862.4594067
864.3574126
866.2554184
868.1534243
870.0514302
871.949436
873.8474419
875.7454478
877.6434537
879.5414595
881.4394654
883.3374713
885.2354771
887.133483
889.0314889
890.9294948
892.8275006
894.7255065
896.6235124
898.5215182
900.4195241
902.31753
904.2155359
906.1135417
908.0115476
909.9095535
911.8075593
913.7055652
915.6035711
917.501577
919.3995828
921.2975887
923.1955946
925.0936004
926.9916063
928.8896122
930.7876181
932.6856239
934.5836298
936.4816357
938.3796415
940.2776474
942.1756533
944.0736592
945.971665
947.8696709
949.7676768
951.6656826
953.5636885
955.4616944
957.3597002
959.2577061
961.155712
963.0537179
964.9517237
966.8497296
968.7477355
970.6457413
972.5437472
974.4417531
976.339759
978.2377648
980.1357707
982.0337766
983.9317824
985.8297883
987.7277942
989.6258001
991.5238059
993.4218118
995.3198177
997.2178235
999.1158294
1001.013835
1002.911841
1004.809847
1006.707853
1008.605859
1010.503865
1012.401871
1014.299876
1016.197882
1018.095888
1019.993894
1021.8919
1023.789906
1025.687912
1027.585917
1029.483923
1031.381929
1033.279935
1035.177941
1037.075947
1038.973953
1040.871959
1042.769964
1044.66797
1046.565976
1048.463982
1050.361988
1052.259994
1054.158
1056.056006
1057.954011
1059.852017
1061.750023
1063.648029
1065.546035
1067.444041
1069.342047
1071.240053
1073.138058
1075.036064
1076.93407
1078.832076
1080.730082
1082.628088
1084.526094
1086.424099
1088.322105
1090.220111
1092.118117
1094.016123
1095.914129
1097.812135
1099.710141
1101.608146
1103.506152
1105.404158
1107.302164
1109.20017
1111.098176
1112.996182
1114.894188
1116.792193
1118.690199
1120.588205
1122.486211
1124.384217
1126.282223
1128.180229
1130.078235
1131.97624
1133.874246
1135.772252
1137.670258
1139.568264
1141.46627
1143.364276
1145.262281
1147.160287
1149.058293
1150.956299
1152.854305
1154.752311
1156.650317
1158.548323
1160.446328
1162.344334
1164.24234
1166.140346
1168.038352
1169.936358
1171.834364
1173.73237
1175.630375
1177.528381
1179.426387
1181.324393
1183.222399
1185.120405
1187.018411
1188.916417
1190.814422
1192.712428
1194.610434
1196.50844
1198.406446
1200.304452
