1.2750641026	1.2750641026
205.0366432456	205.4688170504
-20.1100903736	-20.1100903736
195.3561459689	195.7679153388
0.8065050572	0.8065050572
-81.7196532376	-81.3535227243
341.3410200342	341.8034414409
851.8919190424	852.2980674215
466.2804600767	466.2527193630
18.5335417909	18.5335417909
0.7650605413	0.7650605413
2.0401246439	2.0401246439
396.3041633032	396.7691271288
2.0401246439	2.0401246439
133.6949363639	134.5123737024
333.9648636101	334.4651365301
-81.7196532376	-81.3535227243
-81.7196532376	-81.3535227243
