341.3410200342	205.0366432456	851.8919190424	466.2804600767	0.2682843088	-81.7196532376	0.6425000000	195.3561459689 -3.5448452755 20.2783032431 396.3041633032 0.5750000000 1.2175000000 396.3041633032 133.6949363639 333.9648636101 79.0372530211 63.8206457581 564.4724849243 -3.1746718750
342.7492176922	207.9954523189	853.9246994096	467.5100488801	0.1455053657	-81.0508646371	0.7700000000	198.1752592476 -4.3776575104 19.9482611950 397.0272446738 0.4683333333 1.2383333333 397.0272446738 133.7042186914 334.9324272675 80.5283458634 64.2779189029 566.1775825506 -3.4417031250
343.6535738494	208.6338474425	853.3747370021	467.0034776777	0.3715318334	-80.8355020569	0.8950000000	198.7835133869 -5.4061274298 19.6235907873 397.6452648776 0.3841666667 1.2791666667 397.6452648776 133.2839999907 335.5523973582 81.1235359776 65.5880114288 567.8493201979 -3.3457656250
343.5975987570	206.9369340138	853.4500402499	466.5267333110	0.3932459382	-80.2710598161	0.9975000000	197.1667175846 -6.1612495268 19.5692525105 397.3189720185 0.3208333333 1.3183333333 397.3189720185 132.3137854602 335.1904197296 81.0810414782 67.9189489905 569.3719400745 -2.8868593750
343.5966626978	209.2699541655	854.9740673857	466.0656235541	0.4089514094	-78.5518646461	0.9825000000	199.3895875506 -6.0564907010 19.8693466047 396.8203310522 0.3450000000 1.3275000000 396.8203310522 131.2256296308 334.6281392380 77.4766889191 75.2535845908 570.1162128010 -0.5018593750
344.8299494210	207.0653968345	854.3123547734	467.1293495101	0.2640644474	-78.1749415409	0.9250000000	197.2891153970 -5.8444758071 19.7876945896 396.5296820661 0.3866666667 1.3116666667 396.5296820661 130.7124749021 334.8828422836 77.3281002942 77.5797076146 570.7033884349 0.0577343750
344.1332364934	204.1955634366	854.2419925266	466.8547018662	0.3605257274	-77.9359151352	0.7350000000	194.5547762974 -5.0043705092 20.0032337593 396.7532347811 0.5408333333 1.2758333333 396.7532347811 130.5729952063 335.9699249131 77.4126223522 78.9383787403 571.2184946017 0.3550468750
344.0498311115	203.1970533112	852.6729412735	465.8084007086	0.3079908897	-77.8089876630	0.5750000000	193.6034094468 -4.8038400130 20.1926886117 395.5917886115 0.6991666667 1.2741666667 395.5917886115 130.5682641041 336.7577486616 77.8763555558 79.5328497642 571.7347602142 0.3900781250
343.6268234642	201.5717220656	852.9862936068	465.0890106235	0.2161671016	-77.1486600477	0.5000000000	192.0548160079 -4.5697459260 20.2858317161 395.5474048983 0.7658333333 1.2658333333 395.5474048983 130.3898191208 337.8885551155 79.0737673893 77.0078950134 572.5373525236 -0.4860781250
344.5295003121	202.7094312852	854.5055908563	464.5259865347	0.2440479091	-76.0012537968	0.4325000000	193.1388097869 -4.1590275375 20.5084820289 396.1234917084 0.8216666667 1.2541666667 396.1234917084 129.9507559164 339.1494351884 80.1818769490 77.1751058759 573.4058443533 -0.7160468750
344.8113679829	204.4736250829	855.8520361836	464.4564984482	0.2604168138	-75.5129652656	0.4200000000	194.8197100179 -4.6272225618 20.4390458787 396.5744374484 0.8566666667 1.2766666667 396.5744374484 130.1946398215 340.2544327315 81.4878207882 77.5599665645 574.3339482810 -0.9487343750
346.4236423483	207.1152601892	857.6998097458	465.1357389221	0.3273879646	-75.1210981515	0.6000000000	197.3366241904 -4.7145443428 20.3753928106 396.3626161521 0.6783333333 1.2783333333 396.3626161521 131.0736490049 341.5134879226 83.0626723802 78.2388096162 575.3191165081 -1.1841406250
347.2435170847	208.4124055341	859.3264684845	465.3476855289	0.5171165478	-74.0503154745	0.6150000000	198.5725273910 -4.6050840295 20.2465626858 396.8177894512 0.6508333333 1.2658333333 396.8177894512 131.2003140404 342.8867932578 85.8567327974 79.2215920367 576.4464278646 -1.6712109380
348.2855076137	210.7645372956	860.0302931236	465.7435166289	0.1624513703	-73.5448869236	0.6525000000	200.8136060599 -4.4111248305 20.2116309024 396.9621791902 0.6008333333 1.2533333333 396.9621791902 131.7463244567 344.4505597534 87.2164498448 80.1397512554 577.6049066350 -1.8124765630
348.6855571253	210.8776703018	860.5211988547	465.6990791735	0.2068831289	-73.0651220244	0.7125000000	200.9213976553 -4.7310241520 20.0231377925 397.2486919116 0.5491666667 1.2616666667 397.2486919116 131.7753680099 345.3288322025 88.1409447227 81.0029630619 578.7651051412 -1.8568828130
349.6326126400	209.7219298886	860.3468216612	464.8787957086	0.1953071127	-72.3368483397	0.7300000000	199.8202241829 -4.3440829496 20.0022816382 397.0432882570 0.5091666667 1.2391666667 397.0432882570 132.0079008790 346.5548742253 88.6845865736 81.8480633023 579.8983959939 -1.8044296880
349.6606657139	210.1073500563	860.9638948500	464.7704067073	0.4394388938	-71.7928602111	0.7425000000	200.1874471567 -3.9142138331 20.1626973960 396.9410470896 0.4808333333 1.2233333333 396.9410470896 132.1895854478 347.8334676400 87.7373129016 82.9570676649 580.8632406052 -1.2743750000
350.1589094299	213.7217059900	861.8267767338	465.2611309384	0.1663709346	-71.4597976444	0.7400000000	203.6311567687 -3.6910109019 20.2103556572 397.2447575542 0.4733333333 1.2133333333 397.2447575542 132.9051271000 349.3857929063 88.3161892879 83.9488690345 581.8089720655 -1.1805000000
351.4544315236	215.3137181208	863.3491636209	465.1153203712	0.1218296751	-70.5565549812	0.8325000000	205.1480043141 -3.8682287891 19.9299489824 397.7956854996 0.3766666667 1.2091666667 397.7956854996 133.7336237197 350.8632390892 89.0991092411 84.9333847929 582.7617212664 -1.1420625000
351.4232655850	217.2982204556	863.6381246630	465.3320815898	0.8102566032	-70.2191027357	0.8625000000	207.0388110339 -3.9736746826 19.8294646280 396.7570825035 0.3475000000 1.2100000000 396.7570825035 133.8531282899 351.5502003330 89.3148101527 85.1478343401 583.7384087091 -1.1590625000
353.1178300391	219.6689947063	865.3575127215	466.4225569868	0.3178955815	-70.6145821393	0.8650000000	209.2976534544 -4.0409251130 19.7046401101 397.3106733433 0.3425000000 1.2075000000 397.3106733433 134.3745153704 352.4690087048 91.5267368155 85.9326598537 584.8514011466 -1.5913046880
354.4488512767	219.7074568588	866.1403103067	467.3832978455	0.2404898404	-69.7524034029	0.8725000000	209.3342995289 -4.1720314654 19.6591364154 398.2946179766 0.3400000000 1.2125000000 398.2946179766 135.1238041750 353.5252647003 92.0202335191 86.5482847687 585.9644251186 -1.5752578130
355.7725441582	220.6241444395	867.0588552209	466.8519299966	0.4031604480	-68.8482132772	0.8650000000	210.2077065295 -4.0202362926 19.6942280876 398.7267735669 0.3408333333 1.2058333333 398.7267735669 135.8022887426 354.9252090212 91.9139540571 86.8524527526 587.0476117831 -1.4707265630
355.4958783022	221.5890099299	866.9728688206	466.8723959394	0.4556805107	-68.5705787365	0.8950000000	211.1270178310 -4.0141790223 19.6341747550 398.2858435785 0.3075000000 1.2025000000 398.2858435785 136.3189134162 356.0566195867 91.3487465608 86.9810724580 588.0715498769 -1.2777109380
357.0973460012	225.1396337143	868.9911285774	467.7003884550	0.5020931050	-68.6759097533	0.9925000000	214.5100044537 -3.9274735383 19.6136474435 398.8261952437 0.2041666667 1.1966666667 398.8261952437 136.6663469261 357.1153942567 87.1621238019 85.3847536977 588.8759303553 -0.5097656250
357.8485446807	227.2747373341	869.9436364960	468.1016130512	0.4459855328	-68.4499285956	1.0200000000	216.5443017735 -4.3365964299 19.3259857076 399.3812418156 0.1850000000 1.2050000000 399.3812418156 136.9849839162 357.9156096753 87.1391428362 85.9865657035 589.6345080088 -0.3343593750
359.1989100034	229.4286329987	871.6223798135	468.1707562835	0.3959553571	-67.7989754325	1.0175000000	218.5965048101 -4.7755986255 19.1888031096 400.0819043675 0.2050000000 1.2225000000 400.0819043675 137.6396592465 359.1192824708 88.1108325028 87.2137254980 590.3810913255 -0.2650468750
361.2662601040	231.8224070749	873.6193766283	468.5205466181	0.6759119908	-67.0025066236	1.0425000000	220.8772603674 -5.2063095693 19.0942362809 401.3149073420 0.1991666667 1.2416666667 401.3149073420 138.5153894235 360.2752816197 89.6281464035 88.6315450001 591.1524830612 -0.3018281250
362.5891089053	234.1520905491	875.7901839158	468.9483973147	0.6450270857	-65.9312385614	1.1400000000	223.0969518377 -6.1813101114 19.0126451648 401.7054729192 0.1516666667 1.2916666667 401.7054729192 139.0938274759 361.2666395173 93.2388603486 91.3173644810 592.0279036658 -0.6060703120
362.5611361130	233.7099093008	875.9184634246	468.9566420778	0.8187732720	-65.1729472027	1.2275000000	222.6756467964 -7.7753564514 18.8609578592 403.4122474633 0.1450000000 1.3725000000 403.4122474633 139.4158724696 361.3656311260 95.6040308624 93.1770724354 592.9808826563 -0.7904921880
363.2075805432	232.5754043255	876.3432526171	468.9691179435	0.9675481223	-64.7163812304	1.3525000000	221.5947057454 -9.3896969453 18.9538965980 403.6045570217 0.1141666667 1.4666666667 403.6045570217 139.2113911658 360.6997190194 98.0030691523 94.9853866141 594.0275182214 -1.0164609380
363.2497228865	229.9065545558	876.8987182038	468.9847507422	0.8454094375	-64.2161926015	1.3900000000	219.0518624410 -10.4568328525		   19.1205743588  404.1603759883	    0.1441666667   1.5341666667	  404.1603759883 138.7721930603		     360.5588602756 100.6743550702 96.9930229098 595.1827672632 -1.2839765630
363.3775399697	227.6294040150	877.4811411422	468.0087367586	0.4149277269	-63.2937615068	1.2050000000	216.8822237040 -9.0659728335		   19.3804154124  404.9025392490	    0.2650000000   1.4700000000	  404.9025392490 139.6119856107		     361.4182820794 104.8185737115 101.4247744786		596.3591361014 -1.2447968750
364.3255266480	229.6645157675	877.1952345175	467.5713341708	0.5048069257	-62.1847831118	0.9975000000	218.8212509487 -9.2498698865		   19.6769951751  405.6103515243	    0.4975000000   1.4950000000	  405.6103515243 140.0219045799		     362.9079414864 107.6189573148 103.0332422039		597.6808302284 -1.7347031250
364.3072801889	230.0498491385	877.5626667202	467.9437309891	0.9516649905	-61.7909886563	0.9725000000	219.1883910301 -10.9378006111		   19.5545688443  406.2242624608	    0.6100000000   1.5825000000	  406.2242624608 140.1074144536		     364.1436851323 109.6352311771 103.4435592970		599.1759430587 -2.4054531250
364.2187416454	232.6459818495	877.9113902631	468.1144522891	1.0923046774	-61.5372530526	1.0425000000	221.6619515112 -12.7055117308		   19.5605518621  406.7745129809	    0.6383333333   1.6808333333	  406.7745129809 140.2826488925		     364.6914721404 111.3488997712 103.1532993344		600.8777837307 -3.2570468750
366.1197766362	234.4224052771	879.5324722894	467.2336739546	1.1051479033	-59.9855255427	1.1975000000	223.3545033683 -13.3556882622		   19.3723865402  407.1078811705	    0.5100000000   1.7075000000	  407.1078811705 140.3301533708		     364.8958702444 114.1016365239 97.8002767696		603.3528026309 -6.4963593750
367.2570886671	233.7344582439	880.8686437591	468.2000245526	1.0491835224	-59.4225610341	1.4950000000	222.6990367523 -14.2425402555		   19.3553471904  407.8692042852	    0.2608333333   1.7558333333	  407.8692042852 140.4201099774		     365.1416072771 115.1273284195 98.3677332104		605.8748280234 -6.8268906250
368.7572891200	234.4929493252	881.1786817308	467.9797230068	0.9803524282	-58.7815642430	1.4850000000	223.4217167393 -13.4201887797		   19.4676821550  408.0682087764	    0.2308333333   1.7158333333	  408.0682087764 140.7881305832		     365.6766382634 115.5713383308 100.1090488584		608.2946619943 -6.4555156250
368.4354869381	237.0704162223	881.1475410674	467.5431706045	1.4051304198	-58.2154666427	1.4800000000	225.8774925076 -14.2122051304		   19.4057678507  408.5767498681	    0.2766666667   1.7566666667	  408.5767498681 140.7746213071		     366.0869483863 114.9722280578 102.4246625527		610.4590025728 -5.3822343750
369.0497268860	239.4866938915	882.2429688159	467.8939705670	1.0327929589	-57.8936841995	1.6425000000	228.1796895723 -15.9574701011		   19.2196295482  409.5828538375	    0.2016666667   1.8441666667	  409.5828538375 140.6883459706		     366.2995963951 112.3854198393 111.2600703223		611.5462841446 -0.5051328130
369.2876215373	239.4131609026	882.1564396052	467.9121463476	1.2691892650	-57.5612376256	2.0825000000	228.1096283224 -17.0874484399		   19.0159145812  410.1091348132	    -0.1858333333  1.8966666667	  410.1091348132 139.8115741009		     365.4999792442 111.6921048820 113.2833843204		612.3999923382 0.7311953120
369.1710734866	239.9311995158	882.3522634452	467.9785494467	1.3956509176	-57.1851886578	2.2450000000	228.6032088894 -18.5269070490		   19.0694131979  410.5540720040	    -0.2658333333  1.9791666667	  410.5540720040 138.7932123503		     364.3097753200 111.0618765278 114.1117382608		613.1650435371 1.4286640630
369.3563870191	237.2169194804	881.4315457069	467.6406198324	1.2813380662	-56.5420742410	2.2350000000	226.0170785886 -20.6031925811		   19.0497476600  411.0608985717	    -0.1416666667  2.0933333333	  411.0608985717 138.4573631200		     363.4027306904 110.6941940147 114.0308318425		613.9684154499 1.5872734380
369.2070669517	235.6003550131	880.7357197894	466.9517803658	1.3992534778	-56.1550013702	2.1425000000	224.4768382289 -22.1166438042		   19.2882005714  411.3527553973	    0.0466666667   2.1891666667	  411.3527553973 137.5584473507		     361.8543628322 110.6954351397 111.5534446134		615.0930046862 0.4109296880
368.8511660527	233.7319728206	880.3791777554	465.5282081805	1.3843507973	-55.9615787935	1.9700000000	222.6966690778 -23.0792498481		   19.3205693058  412.3874498453	    0.2741666667   2.2441666667	  412.3874498453 137.2772883987		     360.6093232891 110.4204536926 110.0282875572		616.3996971749 -0.1897421870
369.3087000372	233.8074636167	880.6927939159	464.4592197494	0.8162594143	-55.1486767781	1.6750000000	222.7685958837 -24.8894946858		   19.4796604908  412.0994801350	    0.6775000000   2.3525000000	  412.0994801350 137.7343225793		     361.4586145896 110.7317045704 108.6603198372		617.9185169007 -1.0108359380
368.4325540078	233.0420951396	879.0756715229	463.8254097008	1.3112948955	-55.4710231388	1.3925000000	222.0393626310 -24.3850230730		   19.3723442255  412.1998837275	    0.9266666667   2.3191666667	  412.1998837275 137.7043859010		     362.2170154099 110.5830864310 106.4067388801		619.6713438739 -2.0523515630
369.1956145141	234.7080892512	881.1597781565	463.3808840980	1.5155048393	-54.9491313090	0.9650000000	223.6266992275 -20.9433615386		   19.4565409642  412.8649934813	    1.1675000000   2.1325000000	  412.8649934813 137.7079366881		     363.3010249160 110.0363313052 100.4854288030		621.9404317217 -4.6408125000
369.3625667511	237.8982024029	881.1600992147	463.0831704631	1.3085324525	-54.7962903920	1.1400000000	226.6661958353 -21.4516882874		   19.2757245323  413.3914558924	    1.0116666667   2.1516666667	  413.3914558924 137.7547984279		     365.2131820260 110.1051862019 98.7149238615		624.3501272448 -5.5925625000
369.5701580359	239.1962849712	881.3854497195	463.0519482394	1.0097302795	-54.4372218348	1.3675000000	227.9029917969 -22.1421591373		   18.9926693012  414.2236015323	    0.8083333333   2.1758333333	  414.2236015323 138.2755262857		     366.5843671426 110.6274819669 98.1246266027		626.8366581932 -6.2341250000
370.4432500049	241.3066677604	881.1104301095	463.7411909395	0.8268610034	-54.5795393778	1.1875000000	229.9137362344 -20.8996760287		   18.9206573315  414.7234549470	    0.9158333333   2.1033333333	  414.7234549470 138.1084235358		     367.8618931758 111.4494357987 98.5451785149		629.3433198192 -6.5655000000
370.1401232318	244.0454148825	881.7615211595	463.9373737076	1.5362289371	-53.4788693909	0.8850000000	232.5231774097 -20.1553166873		   18.8461378837  415.1558321446	    1.1733333333   2.0583333333	  415.1558321446 137.3115748644		     368.1635084977 111.9257971862 100.2738255549		631.7243773012 -6.1550859380
371.4722340379	245.2939956170	883.5249580430	464.2010370369	0.6103618456	-52.9126256510	1.0750000000	233.7128085338 -20.2773996628		   18.6603813785  416.1105666372	    0.9808333333   2.0558333333	  416.1105666372 137.9147332337		     369.5000119544 112.9044704028 101.7386631387		634.0314382657 -6.0387265630
372.4176663642	245.9364479265	883.9122984518	464.2887146075	0.9345674985	-52.5221304433	1.1850000000	234.3249281279 -20.1038163653		   18.5861160361  416.5741909042	    0.8575000000   2.0425000000	  416.5741909042 138.2918370749		     371.3456099375 113.3640439845 102.9080719530		636.2613345618 -5.7848203130
373.8145912614	249.8883246704	885.0815982798	464.3460582895	1.2615710621	-51.9244892543	1.2850000000	238.0902231931 -19.3033909315		   18.5905904305  417.7445505362	    0.7133333333   1.9983333333	  417.7445505362 138.8170760797		     372.8734587481 113.3682667623 103.8315275705		638.4016550893 -5.3933671880
375.1622817312	253.0682732081	886.9991474897	464.7347579026	1.1562634944	-50.4906799055	1.6350000000	241.1200347262 -19.3656896008		   18.3877930063  418.9605228475	    0.3566666667   1.9916666667	  418.9605228475 139.6680194994		     373.5500259195 112.3497732401 104.4512443050		640.3825855173 -4.5325703130
375.0025066135	253.5622901663	887.6099297225	465.3060032431	1.5122211095	-50.6115407694	1.9550000000	241.5907274558 -20.1789765230		   18.1185398605  419.9444626959	    0.0683333333   2.0233333333	  419.9444626959 139.6124781061		     373.1514886391 112.1043624854 105.2960179719		642.2779922689 -3.9987421880
374.7629163699	252.9742855363	886.5497500263	465.4208775425	1.8897541511	-50.7841894150	2.6400000000	241.0304851811 -21.9115738671		   18.0633760467  420.5765697790	    -0.5233333333  2.1166666667	  420.5765697790 139.3038309675		     372.1400174688 111.6692219341 105.9232023788		644.0972237976 -3.4600859380
374.0278262301	251.0037791709	886.9719380825	465.6787828548	1.9692576846	-50.7519551229	2.5000000000	239.1530127085 -21.6964562017		   18.1521429651  421.2166008263	    -0.3908333333  2.1091666667	  421.2166008263 138.4593726667		     370.9450924704 111.3390360888 106.6224710492		645.8774833834 -2.9166015630
373.6863530199	248.5997487789	885.6257345833	464.9917274341	1.8841216593	-50.3855192669	2.3300000000	236.8624853728 -22.0310412205		   18.3146547707  422.6819627625	    -0.1941666667  2.1358333333	  422.6819627625 138.2852655629		     370.3773680262 109.3829190483 109.1098368596		647.2754631308 -0.1734062500
373.9701126419	247.3437837038	885.3794680905	464.3379894379	2.3496782992	-50.1476468261	2.8125000000	235.6658188732 -24.1990435963		   18.5103410055  424.5187716171	    -0.5466666667  2.2658333333	  424.5187716171 137.9449865122		     368.7182837015 109.7624505915 109.0009930144		648.7618452374 -0.4982187500
373.6840483323	246.0627450579	883.9062822414	463.8314830917	2.8580851445	-50.0852698278	3.0225000000	234.4452622048 -27.4942465829		   18.5888945165  427.0571648675	    -0.5700000000  2.4525000000	  427.0571648675 136.5445155119		     366.4246055185 110.4430381857 107.9314956402		650.4730976886 -1.6961562500
371.3070229237	240.9335882193	883.0050984974	462.0928233536	2.9023905389	-50.2604986055	2.3375000000	229.5582706460 -30.9853674298		   18.5165211279  433.5226431575	    0.3050000000   2.6425000000	  433.5226431575 135.2323694616		     364.5403254923 111.7828422317 106.3862174036		652.5321766876 -3.7672187500
371.2734905044	235.6639150144	881.3054964575	459.3518291932	2.2405272703	-49.5132924208	1.5750000000	224.5373973390 -31.0592028233		   18.8185278402  426.4303539544	    1.0866666667   2.6616666667	  426.4303539544 133.8299705489		     363.7056628619 117.5948201716 103.9900669992		655.4714107197 -9.9339453130
372.1851726833	234.8388374869	881.5997394673	458.7245182666	1.4855933289	-48.8874014696	1.3550000000	223.7512741571 -30.5125597195		   19.3424827007  427.5210385204	    1.3025000000   2.6575000000	  427.5210385204 133.4429186101		     365.3455800875 120.1038269742 103.5456072187		658.6828350494 -12.4622421900
373.1216583498	236.0733280496	882.6700872989	459.2829446762	1.7648173891	-48.9037224220	1.5400000000	224.9274805194 -30.1774176744		   19.4811296993  425.9302067000	    1.1058333333   2.6458333333	  425.9302067000 132.6237644706		     366.5909106125 121.6150456227 102.7728642180		662.0792915377 -14.5746484400
373.6960962381	237.3603605262	883.5175532448	459.7341820657	1.6533450606	-48.9400850072	1.3525000000	226.1537481900 -30.2339136651		   19.4016581379  425.6714425686	    1.2925000000   2.6450000000	  425.6714425686 131.8810767947		     366.8310034219 122.7543852950 102.2325817915		665.6050133860 -16.2711640600
375.2681910419	240.8194835479	885.2729225657	460.9563056270	1.0338728876	-48.0834093553	1.2075000000	229.4495538949 -28.6962871654		   19.4906495938  426.8901572950	    1.3566666667   2.5641666667	  426.8901572950 131.6442976887		     368.4478596276 123.0812550975 100.4432153165		669.2601131156 -18.0965546900
375.5597776126	242.7190679408	885.5759182513	460.8336563813	1.0110999797	-47.2243736633	1.3000000000	231.2594518905 -27.3138696350		   19.2234848576  428.9391555179	    1.1741666667   2.4741666667	  428.9391555179 132.3057200781		     369.9457998555 124.3092548255 101.4610248089		672.8929515936 -18.7433828100
376.3586546587	243.4734903770	885.6008658395	460.8114736822	1.2812727342	-46.4253623907	1.3200000000	231.9782549893 -26.1637241780		   19.1156482140  429.5927975557	    1.0850000000   2.4050000000	  429.5927975557 131.9328835455		     370.8045233388 125.1304364105 102.9177560924		676.4288178548 -18.7564140600
377.0219630897	247.4611925461	885.9056100032	460.6066909320	1.7571789063	-46.0743077317	1.2175000000	235.7776845837 -24.3842929913		   19.0558845391  429.6385370490	    1.0858333333   2.3033333333	  429.6385370490 131.3918880754		     372.1630269942 125.4168675647 104.6081428404		679.7982019352 -18.1356484400
377.9150087635	250.8882656471	886.6251308785	460.9131179290	1.5959502057	-45.8032150360	1.1650000000	239.0429534812 -24.2061162208		   18.7195660022  430.2097933519	    1.1116666667   2.2766666667	  430.2097933519 131.2206102304		     373.4728022660 125.2177729221 109.5050531687		682.6665044787 -14.2966328100
378.3016536628	255.9441793146	888.1006115268	462.0477651129	1.3930861129	-45.1784231206	1.2900000000	243.8601591454 -23.8517000598		   18.5623801803  430.8986611138	    0.9591666667   2.2491666667	  430.8986611138 131.2784651138		     374.2689965935 125.8953678739 111.5907577900		685.3954707516 -13.4420546900
379.0347174613	257.6864352590	889.3651040291	462.1528245110	1.2237890035	-44.4728918306	1.4550000000	245.5201571461 -23.4767439810		   18.1441503256  431.7291616613	    0.7525000000   2.2075000000	  431.7291616613 131.8325221201		     374.8324747230 126.8411120439 113.4422951595		688.0367156981 -12.9874609400
379.3581355005	258.9151826423	888.9312582054	462.8814020141	2.1485694541	-44.9024222860	1.6275000000	246.6908916555 -24.1154733836		   18.0020876649  431.6666289345	    0.6083333333   2.2358333333	  431.6666289345 131.3050326732		     374.2885579789 127.0158024629 114.0659949258		690.6410096768 -12.9328515600
379.6754143525	259.7711131017	888.8492722000	462.6911697028	1.4791824462	-43.0759780335	1.6900000000	247.5064102066 -25.2137578713		   18.0506764611  432.1576627188	    0.6091666667   2.2991666667	  432.1576627188 131.7733975977		     374.2298953219 128.5542137019 113.6976395465		693.4438362395 -15.2151015600
381.5808596614	266.1767074118	892.2318095440	464.5219729867	1.8126893408	-43.7926055314	1.8200000000	253.6095737103 -26.4178524628		   18.0818516685  433.3074296051	    0.5475000000   2.3675000000	  433.3074296051 131.7950420800		     373.8347180186 129.0211591606 114.6221054651		696.2028831936 -15.1857109400
381.6283042436	268.6739812313	892.7478863238	464.4863958583	1.6590045906	-43.9444070267	2.0250000000	255.9889426706 -27.1439951979		   17.4252144624  434.6041239616	    0.3500000000   2.3750000000	  434.6041239616 131.7830922938		     373.5643669981 129.4878652265 115.8822141161		698.8836726411 -14.7815546900
381.7523119874	270.2906200783	893.6135359764	464.9341280352	2.0804137409	-43.7036098726	2.3950000000	257.5292544892 -28.5950916055		   17.2487163936  435.2973095891	    0.0516666667   2.4466666667	  435.2973095891 131.2248150504		     372.8688284994 129.4028643261 116.8949649598		701.4487701351 -14.0026328100
381.9002334286	271.0408661996	893.3640129560	464.9016640915	1.7715459519	-42.5200142649	2.5175000000	258.2440787515 -30.2995667323		   17.2080919181  436.4741631952	    0.0216666667   2.5391666667	  436.4741631952 130.3762872629		     372.1052439782 128.0511336766 119.4529261642		703.6362691056 -9.8978906250
381.7208399977	270.1891102878	893.0639206964	464.1225791393	2.3903920117	-42.7338158315	2.5450000000	257.4325371313 -31.5268357009		   17.0298327410  437.4575172031	    0.0533333333   2.5983333333	  437.4575172031 129.1419663919		     371.6372638215 128.0957176929 120.0555794383		705.8052873841 -9.5498593750
382.5769248528	271.7517115861	893.3225457913	464.5805799738	2.1137661140	-42.5573624525	2.7375000000	258.9213632257 -31.3910050465		   17.1807728755  438.7891198883	    -0.1391666667  2.5983333333	  438.7891198883 128.7844410492		     371.4049225817 128.8123422193 120.6546569129		708.0135235741 -10.0074843800
382.7408580381	270.3479457166	893.0648753070	464.6081716623	1.9747848632	-41.9882841153	3.3950000000	257.5838739282 -37.8910446026		   17.0876452990  439.1836963170	    -0.4408333333  2.9541666667	  439.1836963170 128.5086596965		     370.3906776580 129.9959850504 121.1080718795		710.3287433002 -11.2707656300
383.0542717458	268.8498484069	892.9629632791	463.8813457139	2.0579428613	-41.2371940524	3.7625000000	256.1565063744 -45.2612359270		   17.2297917072  439.3664929346	    -0.3925000000  3.3700000000	  439.3664929346 127.9467015429		     369.6449734995 132.6912106304 120.1538562254		713.1081812149 -16.4461484400
380.6313513542	260.0124766887	890.5225709457	461.8263818847	2.1718159387	-40.8655122304	3.1725000000	247.7363785680 -44.7293090107		   17.2030781172  440.2685062458	    0.1666666667   3.3391666667	  440.2685062458 126.7128960435		     368.5583631611 133.9502712380 120.6350370079		716.0791834516 -18.0781640600
381.3226028712	260.6655679819	889.9566623161	461.1828952527	2.2752877525	-40.6972671334	2.4600000000	248.3586348577 -43.1265028246		   18.0324037986  441.5830230822	    0.8316666667   3.2916666667	  441.5830230822 126.3988981007		     368.8458115716 134.9462777832 121.2381769365		719.1714326153 -19.2732578100
382.0079871272	263.4080582062	891.4467703821	461.8027997163	2.7254201915	-40.6747257078	3.9625000000	250.9716423129 -49.9014532984		   18.0345112984  442.1086164016	    -0.2950000000  3.6675000000	  442.1086164016 125.5611504213		     367.8754429182 135.4330904272 121.6808414765		722.3033692139 -20.0314296900
382.1665376776	264.1067425388	893.1489652749	462.2940841640	2.4668246415	-40.5560459717	4.1425000000	251.6373399504 -52.6891632513		   17.8254239158  442.5165655821	    -0.3308333333  3.8116666667	  442.5165655821 123.4067420476		     366.7591149685 136.5474260022 125.0945423472		725.3193177113 -17.5467812500
381.6170337875	264.8889725367	892.0869505771	462.0843885051	1.8577945442	-40.6901217125	4.4450000000	252.3826381363 -55.1431085657		   17.7200506875  443.3185406808	    -0.5025000000  3.9425000000	  443.3185406808 123.2387391088		     367.2408399551 137.4853830408 125.7306069777		728.4835687198 -18.5534687500
381.5206226109	264.4599342240	892.8893431554	461.0625371911	1.7830560921	-40.3281411488	4.3950000000	251.9738555680 -58.4606817853		   17.5733723184  442.8568028047	    -0.2758333333  4.1191666667	  442.8568028047 122.4674114340		     366.8759210362 138.2143499928 125.7016108582		731.8422654910 -20.2455937500
380.0830433451	263.9369674909	891.3778358493	460.4473432317	1.8561595156	-40.6398098410	3.3975000000	251.4755796692 -59.4409654558		   17.5192925723  443.7679599331	    0.7733333333   4.1708333333	  443.7679599331 121.4463889031		     367.2305437893 138.6168073694 124.9134509062		735.4199260428 -22.6231562500
380.3141916371	260.8171387813	889.3948476439	458.9425577897	1.3901283367	-39.4851354335	3.5575000000	248.5030496607 -61.0048069654		   17.5347588469  443.8760980897	    0.7008333333   4.2583333333	  443.8760980897 121.6311506077		     367.7825089806 138.9679832467 123.2683865011		739.2246335208 -26.1959609400
380.1291089236	257.3286537610	889.6336460493	459.2742898166	1.1972894693	-39.8114818243	3.6275000000	245.1792682385 -59.5830831444		   17.8456080464  443.3106117375	    0.5675000000   4.1950000000	  443.3106117375 122.0097737323		     368.3946203165 139.7378423469 122.1539634172		743.2393263001 -29.7404765600
380.7385054538	253.8135171299	888.9814390779	458.7887546682	1.4300233019	-39.7024134860	2.7525000000	241.8300931504 -56.9170463295		   18.1532631129  442.7204593473	    1.3100000000   4.0625000000	  442.7204593473 122.2164212127		     368.3088736257 140.1971544684 120.4585936367		747.4672995556 -33.7665078100
382.2421961750	252.7306002465	888.7756744250	457.9985508284	1.1035651800	-39.3975247163	2.3225000000	240.7983044495 -48.2633626679		   18.4522066028  442.2780506127	    1.2750000000   3.5975000000	  442.2780506127 123.4873283336		     369.1210970731 140.8849029898 118.7167884279		751.8623008210 -38.2740546900
382.9985871732	253.5966650741	889.8120746316	458.0790526543	0.8046347616	-39.0978899782	2.1625000000	241.6234794918 -45.6213374441		   18.5995902496  442.7157296671	    1.2958333333   3.4583333333	  442.7157296671 124.9017537085		     373.4196856927 142.1121355255 113.8711710536		756.6697491159 -48.4614375000
384.9415756740	256.0780784256	891.8082249562	458.8052200541	0.6743799811	-38.7768495338	2.2000000000	243.9877363053 -42.9708874486		   18.6227670213  442.7537724034	    1.1125000000   3.3125000000	  442.7537724034 127.0597099044		     375.0281335478 142.9958178291 113.0865821158		761.4843690984 -51.8526875000
386.6657991925	260.2359732204	893.4648025902	460.8557457809	1.0421430042	-39.2699271885	2.3650000000	247.9493225401 -44.2938628636		   18.5385485120  442.0277896284	    1.0166666667   3.3816666667	  442.0277896284 128.0975507519		     375.2715601875 143.3101388413 112.7794681592		766.2219644723 -53.6461250000
387.8749481050	264.8568664498	895.2192434394	461.5796526743	0.7330515416	-38.9246978941	2.3575000000	252.3520470201 -44.9261978596		   18.2366205397  442.3178467050	    1.0441666667   3.4016666667	  442.3178467050 129.4692741061		     376.0531503452 143.7580423055 113.6185188518		770.8176625517 -53.8417500000
388.3199470162	266.6855222748	896.7707732652	462.5376848850	1.0585798068	-38.7362202196	2.4225000000	254.0943657746 -45.8481380587		   17.8967210926  441.5185606858	    1.0133333333   3.4358333333	  441.5185606858 130.1686664007		     376.7105232242 142.2690547763 116.7999569050		774.9517334993 -46.5163203100
389.6131993819	269.9133247417	898.2583152340	463.7783816130	0.8377830616	-38.6028751151	2.6400000000	257.1697729057 -50.1952812209		   17.8582785803  441.9107325581	    1.0350000000   3.6750000000	  441.9107325581 131.1299053737		     377.7488326328 142.8617523210 118.2599884548		778.9526561677 -45.8856171900
390.0785537056	271.2039763314	898.9708068440	463.4730234367	0.8074880306	-38.0039371293	2.8475000000	258.3994877580 -50.5016729417		   17.5678978793  442.9099831096	    0.8300000000   3.6775000000	  442.9099831096 131.4482387010		     377.9882401968 143.8164541508 119.6898479678		782.8733226537 -46.0263984400
391.0404989647	272.3264583996	899.4616477622	463.6279403106	0.6691501387	-37.8964401886	2.3175000000	259.4689734569 -45.6188437794		   17.4669263288  443.8168905841	    1.0841666667   3.4016666667	  443.8168905841 131.5616281464		     379.2067679948 145.1959044896 121.1753312755		786.7557247002 -46.9386640600
392.5531452865	272.2150024898	900.2309354572	464.1071935957	1.1435990701	-37.7434540211	2.1200000000	259.3627796844 -44.6982226992		   17.4212845038  442.4737943584	    1.2283333333   3.3483333333	  442.4737943584 131.8675979894		     380.8076099553 148.2277820002 122.9778543623		790.6875387903 -51.2550312500
393.4711048970	272.8299806285	900.9037022202	464.1154782919	0.6168790817	-37.4210947300	1.9800000000	259.9487233750 -42.9742506136		   17.4668836430  442.2034733596	    1.2750000000   3.2550000000	  442.2034733596 133.0182575982		     381.7062330937 149.5767342160 124.1842950167		794.5389594797 -52.6572187500
395.3267942355	272.0462239549	902.1853358003	464.0153493880	0.5782635064	-36.5151900630	1.9750000000	259.2019702841 -40.4742640493		   17.4898308048  441.9693327624	    1.1425000000   3.1175000000	  441.9693327624 134.8514636255		     382.9669482135 150.5638045953 125.0907446301		798.3114172769 -53.7778437500
395.3954017673	273.6958074513	902.6372136816	464.3079850177	0.5766708123	-35.2048951680	2.0250000000	260.7736707013 -38.0296612396		   17.7351022168  442.7663047391	    0.9691666667   2.9941666667	  442.7663047391 136.1716076000		     383.5574396586 151.1616464885 125.6658958603		802.0157699706 -54.6169062500
395.9744925357	273.5144666255	903.0670004603	464.2479871175	0.4872243091	-34.2252439672	1.9575000000	260.6008923969 -33.7633426361		   17.6670383475  442.6455878925	    0.7966666667   2.7541666667	  442.6455878925 136.5592173020		     384.0481465334 150.9889833778 124.1379882949		805.6942886639 -57.6117890600
396.2936437993	273.6188558005	903.2495694144	463.8474177188	0.3990647927	-33.5453048692	1.7300000000	260.7003528271 -30.3699969583		   17.7142357787  443.1340312008	    0.8383333333   2.5683333333	  443.1340312008 138.4984352993		     385.9823619212 151.2410031420 125.0422153673		809.2258753927 -56.9127734400
397.9086054582	273.3207302778	903.9659100656	463.9790592221	0.4026080700	-32.7190298223	1.5525000000	260.4163023983 -29.8686274880		   17.8038455311  443.0704866263	    0.9925000000   2.5450000000	  443.0704866263 140.4653470381		     387.7589092279 151.2804194955 126.3127093197		812.5669446014 -54.9572421900
398.2953391119	273.8833299436	904.1902240532	464.2902789038	0.5558411583	-31.9602095676	1.5675000000	260.9523400846 -29.3507407699		   17.9451920520  443.1267075484	    0.9558333333   2.5233333333	  443.1267075484 142.3524935420		     389.1006697250 150.9646520767 127.7802781657		815.6881662454 -51.7451953100
398.2990427234	271.4439188843	904.5369599461	465.0761294369	0.7234070496	-32.1793196949	1.5550000000	258.6281022097 -27.3944461253		   17.9483969083  443.7036354646	    0.8600000000   2.4150000000	  443.7036354646 143.7155349262		     389.5967437353 149.0227776162 130.8810348855		818.4213313207 -41.1296796900
399.6683101669	272.2317762765	905.3646328695	465.5003763735	0.6679197421	-32.1302075097	1.6625000000	259.3787617252 -30.2721508746		   18.2404236272  443.9381986912	    0.9266666667   2.5891666667	  443.9381986912 144.7396829155		     389.4868394986 148.7027508738 132.2426509126		820.9902459464 -37.8633828100
400.7645209250	273.2469586071	905.9999562927	465.8211645859	0.7234362042	-31.8162446761	1.7100000000	260.3460143852 -32.7623751943		   18.2283246391  444.4155061674	    1.0166666667   2.7266666667	  444.4155061674 144.9138904409		     389.1132935769 148.6348398706 133.2991848218		823.4398391802 -35.7993515600
400.7765324644	273.0775931338	907.3909039760	466.3432973370	0.8239641434	-31.4369507760	1.7300000000	260.1846447464 -34.9022846473		   18.2214533333  444.2230657455	    1.1150000000   2.8450000000	  444.2230657455 145.9655533099		     389.1533512593 148.7665180396 134.0213119684		825.8291519407 -34.9375859400
402.2581526034	272.9514030997	907.6795576719	465.9660175745	0.7828343572	-30.4827159159	1.6650000000	260.0644126177 -32.0079825791		   18.2985233414  444.7739228502	    1.0233333333   2.6883333333	  444.7739228502 146.3463908456		     389.8372683488 149.6015268083 133.5123985832		828.2855877360 -38.5957421900
402.8961677406	274.3360158762	908.7630607595	466.4663281508	0.9618907513	-30.2738141732	1.7900000000	261.3836531953 -32.9518613549		   18.3851047391  445.2247468568	    0.9550000000   2.7450000000	  445.2247468568 147.4327518860		     390.5630591322 149.9657965070 134.0498538520		830.7181413412 -38.8114453100
403.5553314909	273.8935351754	909.0943251906	466.5917751980	1.1710566759	-30.2528991753	1.9950000000	260.9620632708 -33.4827663596		   18.2626739894  445.2504649612	    0.7733333333   2.7683333333	  445.2504649612 147.8536499475		     390.0665416799 150.1922724118 134.5172308159		833.1287551039 -38.9023515600
404.6694351488	274.9907718157	910.1870390093	467.3537034278	0.7986114735	-30.3249895496	2.1175000000	262.0074958745 -30.8539484172		   18.3786901177  446.2523196530	    0.5108333333   2.6283333333	  446.2523196530 148.1164748725		     389.9171585350 150.8942491293 135.5233002393		835.5200916462 -38.8684609400
404.8715065186	275.0502600503	910.9104201808	467.9891980677	1.0932874760	-31.0312297098	2.3600000000	262.0641752379 -31.5448222867		   18.2621780904  449.0729770673	    0.3008333333   2.6608333333	  449.0729770673 147.4434528847		     389.1005720757 151.1670085934 137.4172125182		837.8242350488 -35.6268828100
405.4185220950	274.5850468264	911.4759187171	468.1900146003	1.0285241385	-31.6913030651	2.4325000000	261.6209265708 -30.3461176634		   18.2083222570  447.9995883889	    0.1591666667   2.5916666667	  447.9995883889 147.2164225046		     388.5409475940 151.8581517617 138.0057621932		840.1500109687 -36.5765546900
406.0272223931	275.8851930885	911.9921663785	468.3839745426	0.7216102201	-31.5464249967	2.2700000000	262.8596881308 -28.1088672764		   18.2899602533  446.9171815503	    0.2016666667   2.4716666667	  446.9171815503 147.0924034296		     389.4950288906 152.9717843638 138.6024727130		842.5169675597 -38.6345859400
406.3323871725	274.2282264934	911.9808390964	468.0363311470	0.6934092532	-30.8734828212	2.1525000000	261.2809523381 -27.8640838665		   18.1946085003  445.5603180373	    0.3008333333   2.4533333333	  445.5603180373 147.3580289629		     390.5189272081 154.2353333534 138.9558886442		844.9312672841 -41.8009765600
406.7077287359	274.1004107256	912.2698409134	468.0767985242	1.0980310835	-29.9553416176	2.0625000000	261.1591719313 -28.9029826558		   18.4594688457  443.2734285141	    0.4616666667   2.5241666667	  443.2734285141 147.0931073969		     390.0595274020 155.5009550472 137.7065140447		847.4940880535 -49.6354140600
406.6808120598	271.2634872656	912.4459520749	467.3328028260	1.0259909736	-29.0854065234	2.0600000000	258.4561890355 -29.8413889828		   18.4853269978  442.3731444216	    0.5175000000   2.5775000000	  442.3731444216 148.3136159253		     389.6570376079 156.2918362847 137.3593388546		850.1153552988 -53.5946484400
407.2111514510	269.9128027839	912.2395910012	466.5935810623	0.8890011705	-28.6977053382	2.0400000000	257.1692755512 -30.1013497744		   18.7307840901  441.6328370045	    0.5641666667   2.6041666667	  441.6328370045 149.6091540633		     389.6250640685 156.9706442971 137.0126917392		852.7868248424 -57.2383671900
406.7299024629	266.8333750540	911.1129490382	466.0029365020	0.7540707861	-28.7061165612	1.9350000000	254.2352381173 -30.8481546325		   18.8025859877  441.4751375714	    0.7141666667   2.6491666667	  441.4751375714 151.0290613529		     389.3444911554 157.5284468446 136.6488241790		855.4964654976 -60.5665703100
405.6729182595	263.6524742628	910.4289743596	465.0194343930	0.9917825817	-28.9831896408	1.6075000000	251.2045185787 -28.9178436654		   18.9772700017  440.7014964481	    0.9433333333   2.5508333333	  440.7014964481 152.5666024795		     389.3609683029 157.4095543042 135.5307630989		858.2326192736 -63.8498437500
406.1535790033	263.2409101834	911.0004244580	464.6322809806	0.6829152471	-27.8341080090	1.4650000000	250.8123859546 -27.2843507736		   19.3731650353  439.8178736846	    1.0150000000   2.4800000000	  439.8178736846 153.5302161243		     389.6117787862 157.8198122413 135.2745292021		860.9650194890 -66.4387812500
406.3366101471	262.4817575483	911.2356899288	464.4600075786	0.7317123487	-27.4008402214	1.4100000000	250.0890761757 -26.1561267891		   19.4413416618  437.2639191007	    1.0108333333   2.4208333333	  437.2639191007 154.2330155879		     389.0216721189 158.0574307505 135.0015185100		863.6842870250 -68.6039687500
406.2064142394	261.7714130291	911.3943824140	464.1626654001	0.5384716996	-26.6639432521	1.2050000000	249.4122690475 -24.7696644779		   19.5627270183  435.2048973690	    1.1450000000   2.3500000000	  435.2048973690 155.4161866705		     388.5216899837 158.3758536840 134.9608474181		866.3849590186 -70.3454062500
408.0303576838	262.0572347430	912.3477108429	464.1197602574	0.4284134503	-24.5418779165	1.0050000000	249.6845963913 -23.6242242455		   19.8504082225  431.6934338161	    1.2958333333   2.3008333333	  431.6934338161 156.9262191029		     388.7331143891 158.9614822829 134.9574355595		869.0686772599 -72.8049687500
408.5135728840	264.6215669968	913.2196749694	464.5154552847	0.6356466924	-24.2534616442	0.9425000000	252.1278573088 -23.2549708884		   19.8933921961  430.2635543403	    1.3400000000   2.2825000000	  430.2635543403 158.5267563390		     387.9375876573 159.0119358631 135.0923847077		871.6927202519 -73.2421562500
409.4822840054	265.2670638356	913.9188886644	464.4756217020	0.4748044155	-23.5600095477	0.8150000000	252.7428781378 -21.4997120323		   19.7065807001  428.5971370157	    1.3608333333   2.1758333333	  428.5971370157 160.4447373308		     387.3053946763 159.0389437899 135.4882962515		874.2397202834 -72.7988437500
410.3872917915	267.5193998341	914.6096912762	464.4056454579	0.6736025019	-23.4972198800	0.7600000000	254.8888734777 -22.3094796309		   19.6416316317  426.8309018919	    1.4575000000   2.2175000000	  426.8309018919 162.6054967916		     387.0287604883 158.6915522501 135.7860779827		876.6923996800 -71.4750312500
410.5402579716	267.7832913017	914.5431935058	464.6069786838	0.5672006075	-25.0068302325	0.7600000000	255.1403052606 -20.5302734672		   19.2810580499  426.0983657750	    1.3408333333   2.1008333333	  426.0983657750 163.9221263160		     385.9193316722 157.7665512841 136.1798487158		879.0154986165 -67.7177890600
411.2700750924	269.0616420679	914.9050410692	465.2957946978	0.6056532050	-24.8532190420	0.7500000000	256.3583008389 -19.2876876996		   19.3427489946  426.2683617640	    1.2850000000   2.0350000000	  426.2683617640 165.7221690405		     385.5238080180 157.5369901305 136.9622382943		881.2373258776 -65.2541484400
411.9396421733	269.9554684175	915.1281875379	465.6625192601	0.6006273419	-25.3880176962	0.7650000000	257.2099261873 -17.0888094971		   19.1980642307  426.5248599929	    1.1408333333   1.9058333333	  426.5248599929 167.6954878902		     385.1377831141 157.3849276741 137.9126268431		883.3550271150 -62.5311796900
412.5902325483	273.3797397750	916.1712174884	465.9738509281	0.5202037493	-25.1075227602	0.7475000000	260.4725263298 -16.7976619134		   19.1709452201  427.3691542080	    1.1408333333   1.8883333333	  427.3691542080 169.7057133652		     384.9265496053 157.3960372729 139.1080213933		885.3645510500 -59.5488828100
413.3643236435	274.4312718706	916.9099712714	466.2931289061	0.4833672520	-26.2280941436	0.8025000000	261.4744118263 -18.5017312239		   18.7467363603  428.1413975616	    1.1591666667   1.9616666667	  428.1413975616 171.3518406088		     384.4885281162 157.8384468175 141.2282990867		887.2466334197 -55.1655000000
413.9720439360	276.0171041824	918.0448011079	467.2523960621	0.4973541527	-25.9260524259	0.9850000000	262.9853711512 -21.8582754729		   18.7738162428  429.4407181410	    1.1641666667   2.1491666667	  429.4407181410 172.6391968962		     383.9687289879 158.0293154026 142.5645118132		889.0207448805 -52.1212500000
414.6464934913	276.4429356888	918.3644620663	467.4959526270	0.5395160165	-26.4726147898	1.1225000000	263.3910981331 -23.1255840612		   18.5844657517  430.6572048243	    1.0875000000   2.2100000000	  430.6572048243 173.6060022743		     383.2412392301 158.1310161050 143.7173316220		890.7004577602 -49.2743750000
415.3593239860	278.3862859381	919.2143116845	468.0312400199	0.5487222639	-26.2457040633	1.2925000000	265.2426957827 -24.7449957095		   18.6216759240  432.1223253412	    1.0091666667   2.3016666667	  432.1223253412 174.0634885961		     382.3932042299 158.2112406036 144.7592162631		892.3033644784 -46.6248750000
415.3872182896	280.3971179820	919.4134290268	467.7838605014	0.5724681974	-26.2030109109	1.4525000000	267.1585893711 -23.4505521999		   18.4070310719  433.0206794296	    0.7666666667   2.2191666667	  433.0206794296 174.5937776269		     381.8267348759 158.5170092291 145.6020327950		893.8617894361 -45.3414609400
416.1951275349	280.0631249696	919.5532274296	466.8601474310	0.4388575423	-25.8510495503	1.5050000000	266.8403653488 -20.7841465599		   18.1473584659  434.5318241022	    0.5533333333   2.0583333333	  434.5318241022 175.7914832744		     382.1187466587 158.7285117827 146.7477337763		895.3687627256 -42.6192265600
416.7770318683	281.0357715992	920.1482658319	467.3874657053	0.4740383725	-25.7818979323	1.4500000000	267.7670902821 -19.8868048662		   18.2428387649  435.8808875740	    0.5633333333   2.0133333333	  435.8808875740 175.7270601279		     383.1332208484 158.8111802724 147.8151350708		896.8248470439 -39.6268828100
417.1500064499	282.2094148998	920.5819165012	467.3050111056	0.4915768075	-25.4624818280	1.4300000000	268.8853214913 -18.0883453876		   18.1708378629  437.1690904571	    0.4800000000   1.9100000000	  437.1690904571 175.6698993050		     383.3326807247 158.8156676127 148.8530078402		898.2257949579 -36.3644296900
417.8799541493	283.7948056204	921.0233111891	466.8205732054	0.5403180111	-24.8699402184	1.3400000000	270.3958606373 -18.4987842733		   18.0653958898  437.9854875441	    0.5875000000   1.9275000000	  437.9854875441 175.6742637190		     383.8059207863 158.7374588363 149.7203476768		899.5775747313 -33.2904218800
418.9867285152	286.0649507615	922.5027768096	467.4788686997	0.3794971643	-24.3589655104	1.3100000000	272.5588241520 -21.1754731961		   18.0297725625  438.5723430498	    0.7641666667   2.0741666667	  438.5723430498 176.1132656684		     384.3807393852 158.8116570338 150.9757648333		900.8762320666 -29.3043281300
419.4476871667	288.0124825603	923.1388493669	468.1185472949	0.2817270678	-23.8853455546	1.3275000000	274.4144063548 -21.2590359218		   17.9202033894  438.7370872257	    0.7458333333   2.0733333333	  438.7370872257 177.1452095592		     384.7541629781 158.9290540737 152.3670399284		902.1207608477 -24.8647031300
420.0966055992	288.7305145372	923.8881135996	468.4818408572	0.5066722543	-23.8214169666	1.3200000000	275.0985375527 -19.6952519896		   17.7711043340  440.5005336027	    0.6591666667   1.9791666667	  440.5005336027 177.6871825359		     385.1524514240 158.7835042739 153.5828307929		903.3097345727 -19.9715468800
420.5020433412	289.4923850010	924.1823826682	468.6248039005	0.6188050622	-23.2891866436	1.3200000000	275.8244370054 -20.3872945500		   17.7701713216  445.7695760210	    0.6975000000   2.0175000000	  445.7695760210 178.0586676262		     385.2991837081 158.1959422325 154.6729204388		904.4349086985 -13.7100546900
420.7156307530	290.9743793221	925.4630296435	468.9695215316	0.2700896796	-22.6482151883	1.3800000000	277.2364608854 -20.8888168199		   17.7972895179  446.1106589593	    0.6666666667   2.0466666667	  446.1106589593 178.9113464891		     385.9361657481 158.3903186465 156.2930976022		905.5144914754 -8.2757578120
422.0503569686	294.0130827240	926.4663688939	469.2647358029	0.3564289121	-21.9965015715	1.3825000000	280.1316970417 -18.9941156736		   17.7487404517  449.0865600686	    0.5566666667   1.9391666667	  449.0865600686 179.7960267372		     386.8689302558 158.4901501956 157.8021240590		906.5537569582 -2.7538515620
422.9299175087	294.0574547560	926.9604082316	469.2617198985	0.3322049947	-20.5442855275	1.3775000000	280.1739740844 -17.6874270046		   17.5977961902  453.1148872357	    0.4816666667   1.8591666667	  453.1148872357 180.9667200208		     387.8144020838 158.6334756936 159.3366678327		907.5573793293 2.8556640620
423.5614574669	296.1626086074	927.7196553686	469.3587476430	0.1631425692	-19.0374474631	1.3800000000	282.1797364013 -16.7142805022		   17.7608025174  457.6036638191	    0.4333333333   1.8133333333	  457.6036638191 182.2156518640		     389.2395325175 159.1560974409 161.6067927592		908.5091469990 10.1317343800
425.0324967122	298.7825071232	928.4356342573	469.2982821524	0.2086382030	-17.9816024657	1.3750000000	284.6759398536 -16.8091915312		   17.6553338105  457.2136507968	    0.4383333333   1.8133333333	  457.2136507968 182.9702317734		     390.6344256686 159.4735103322 163.1201331358		909.4344045122 15.2848906300
425.9863574730	299.9168515666	929.4536668740	468.9422595152	0.3729359677	-16.7579089770	1.3825000000	285.7567284588 -16.3911821291		   17.4853397012  458.2290771270	    0.3991666667   1.7816666667	  458.2290771270 183.5526682440		     391.6647573186 159.5808056991 164.2664729569		910.3399850190 19.8940781300
427.0862638183	302.0549789234	930.7830232011	469.9095725160	0.3122454483	-16.5028617193	1.2150000000	287.7939070050 -16.9338499361		   17.5001176095  461.8963131665	    0.5975000000   1.8125000000	  461.8963131665 185.1549802978		     393.6248402421 159.7185453392 165.2945069333		911.2321665140 23.9592968800
427.4166608408	303.0553685131	931.2015730556	469.6891763976	0.4985783249	-15.2191299218	1.1825000000	288.7470650943 -17.7165315221		   17.3984631009  462.9476124364	    0.6683333333   1.8508333333	  462.9476124364 186.6108268869		     394.5130296997 159.2102356991 164.7754801293		912.1476228767 23.9998828100
428.8161181858	304.8795003723	931.7545000416	469.5498523370	0.3347650683	-15.1714909277	1.1875000000	290.4850724899 -19.3323400085		   17.2893973159  463.3821873788	    0.7475000000   1.9350000000	  463.3821873788 188.2158475790		     395.3542342116 159.4798164562 165.9707207375		913.0350409476 28.3694296900
429.8137598959	306.3947941417	932.7105664406	469.6003044145	0.3610901588	-14.6680934492	1.2725000000	291.9288241604 -21.0664130379		   17.1657892285  464.4972590646	    0.7525000000   2.0250000000	  464.4972590646 189.3291879442		     396.1788783896 159.8273589595 167.3940995027		913.8790765198 33.5872734400
431.1114298197	306.4392172689	934.1358380120	469.7826676561	0.4566757767	-13.1131064815	1.3275000000	291.9711497952 -21.6699374183		   17.1964365493  468.5376918617	    0.7325000000   2.0600000000	  468.5376918617 194.2433685167		     396.7825216372 160.2047878504 168.9836893354		914.6703717299 39.6534140600
431.3003930102	307.6874441820	933.0330506547	469.9747576694	0.7618613315	-10.3619311681	1.4200000000	293.1604436329 -21.8031453537		   17.4992506582  466.6710788743	    0.6625000000   2.0825000000	  466.6710788743 192.0200689723		     396.1800649034 159.7559667365 171.9943822309		915.2840551768 57.2290625000
431.8386689626	309.4493369515	934.5946460413	469.7740994318	0.5651606703	-10.7168557233	1.5675000000	294.8391515021 -23.1541218527		   17.3171118538  466.4135896949	    0.5808333333   2.1483333333	  466.4135896949 190.6271776946		     396.9675892626 160.0657332072 172.8627896993		915.8694689729 60.7273125000
432.4625137958	309.3501723415	934.3963835609	469.1537847489	0.6460104897	-9.4381844651	1.6300000000	294.7446684286 -22.0178200127		   17.2106027899  471.6543705664	    0.4500000000   2.0800000000	  471.6543705664 190.0493656398		     397.1721523008 160.2259966535 172.9046859702		916.4675893519 60.8093750000
433.0663357072	308.9482719835	934.6625728300	468.9737104882	0.5353741277	-9.4119504682	1.6175000000	294.3617435332 -21.5425488161		   17.2044067218  477.9564140724	    0.4358333333   2.0533333333	  477.9564140724 190.0852391455		     397.8063516091 160.4568608890 172.3602204146		917.1186293187 57.4752500000
433.2750625374	307.6162610278	934.1248032195	468.5505648371	0.6264164595	-7.7527184617	1.3975000000	293.0926214312 -19.8878437037		   17.3734070292  476.1540996753	    0.5725000000   1.9700000000	  476.1540996753 190.5021397388		     399.5322190913 159.8422954511 170.0784220466		917.8730956825 49.1371640600
433.0091022747	305.6299185295	934.3573370246	467.3816084645	0.7037934225	-8.1553224785	1.0825000000	291.2000615843 -20.6224947502		   17.3418369914  475.5783375606	    0.9266666667   2.0091666667	  475.5783375606 191.1052625506		     401.0266391736 160.1016167520 168.3323186371		918.7334631743 39.6057734400
432.8043228801	304.4215411657	933.7216277936	466.4612316242	0.3268288610	-8.3888629160	0.8750000000	290.0487353360 -20.1624205100		   17.4189401113  475.1344782495	    1.1125000000   1.9875000000	  475.1344782495 193.9606893821		     402.5983001484 160.9469979284 166.6081237937		919.7106765084 27.2933046900
433.7640166477	301.5409127793	933.6789809984	465.5339641874	0.3020216327	-7.7884211615	0.5325000000	287.3041118588 -19.9647542671		   17.5050054427  473.9973645907	    1.4483333333   1.9808333333	  473.9973645907 195.1080293179		     404.2029526778 162.0377900136 164.5648303317		920.8180043434 12.1997578100
433.6694914836	300.2734903875	934.3404613063	465.2289746701	0.3200495845	-7.5823659631	0.4325000000	286.0965283315 -19.8665045037		   17.7811753313  473.7670016081	    1.5566666667   1.9891666667	  473.7670016081 197.0207683824		     405.3638332042 163.9717681661 160.8102008650		922.1561683200 -15.2122109400
434.3246683022	299.4552277894	934.6417491943	465.5997554891	0.3721011446	-7.0976531606	0.4375000000	285.3168993424 -19.9732216495		   17.9965292569  473.1476389947	    1.5683333333   2.0058333333	  473.1476389947 198.2449747969		     405.5315776451 165.2290292587 158.5772458760		923.6077044953 -32.0529765600
434.7741398792	298.4999357364	934.8221609251	465.4052766394	0.4447013834	-7.0612413754	0.4350000000	284.4067100188 -18.1267192229		   18.0614110138  473.0567427705	    1.4716666667   1.9066666667	  473.0567427705 198.8956455546		     406.6578803368 166.3256939756 156.4174807752		925.1550708184 -47.8598828100
434.9173609477	297.8678022070	934.5764540441	464.9368794881	0.5396844070	-7.3367314838	0.3600000000	283.8044212758 -17.9908813339		   18.0787703519  473.9002702335	    1.5400000000   1.9000000000	  473.9002702335 199.4269933448		     407.8439748738 167.2926832429 154.3697391665		926.7833229508 -62.6329296900
434.7316974714	297.7118039726	934.3791037439	464.3573426876	0.6145628375	-7.3025838273	0.3125000000	283.6557884870 -15.8217518630		   18.0847098228  475.0475269628	    1.4675000000   1.7800000000	  475.0475269628 200.1182892700		     408.1572640364 167.8769023229 151.1756978183		928.5178571211 -81.0017265600
435.3021934862	299.2315275474	935.0010863964	464.2371457444	0.3197518857	-5.9057837603	0.3125000000	285.1037610018 -12.7727667431		   18.2334828411  475.6414082198	    1.3058333333   1.6183333333	  475.6414082198 201.0648562999		     409.5049467356 168.9615566135 150.1514189325		930.2816347222 -91.8552109400
436.4885178686	301.7958737190	936.3278199758	463.6867345865	0.5525162710	-4.9748246008	0.2550000000	287.5470352583 -14.3756761596		   18.1220598975  475.0260193919	    1.4466666667   1.7016666667	  475.0260193919 200.9718685519		     410.6275016621 169.7062389568 149.4544975812		932.0467310216 -99.8229921900
436.8492396509	303.6035535806	937.1464053515	464.0287892983	0.4728032677	-4.0859680604	0.2500000000	289.2693683631 -13.8434181771		   17.9955075457  475.0661583900	    1.4158333333   1.6658333333	  475.0661583900 201.4359406693		     409.7189051467 170.4493919565 149.4168760423		933.7838001450 -104.9050703000
437.6722159739	303.2652034111	937.6838392600	464.3614912025	0.8686091978	-5.0965998506	0.2500000000	288.9469920972 -12.3108135369		   17.7449564511  477.3774441938	    1.3183333333   1.5683333333	  477.3774441938 201.5251164406		     409.5873461272 170.6019473091 149.8061175759		935.4561879780 -104.9466797000
437.8755514466	305.7121149921	938.1370838897	463.9007422759	0.8667553401	-4.0739953816	0.2525000000	291.2783768237 -13.9858275424		   17.8372569000  481.1795315668	    1.4133333333   1.6658333333	  481.1795315668 201.6519600440		     410.5525447765 171.0607912759 150.5945386623		937.0687588763 -105.1192578000
438.4768074917	307.7470955575	938.7253367175	464.1405311397	0.6135848793	-2.9529727045	0.3575000000	293.2172792533 -13.1153230167		   17.7359437111  484.6910221313	    1.2550000000   1.6125000000	  484.6910221313 202.2398090000		     410.7393382575 171.8330044685 152.1403136623		938.6066758044 -103.2680391000
439.2557109363	309.5121567080	939.2565889461	464.1528782355	0.6987229702	-3.2138167880	0.4875000000	294.8990055502 -12.1337275983		   17.5076123585  486.3935195713	    1.0591666667   1.5466666667	  486.3935195713 202.2695584971		     411.0348889999 172.6015003849 154.0915209997		940.0579285495 -99.3930234400
439.3359181052	311.0004968957	940.0410153609	463.8980974249	0.9218998373	-3.3782800505	0.6175000000	296.3170758133 -11.3393490526		   17.2883028976  486.2588988526	    0.8741666667   1.4916666667	  486.2588988526 201.9564898963		     410.4015877240 173.5636730352 157.8325513753		941.3645896083 -87.4887812500
440.0739235055	312.6225253602	940.2795558626	464.6239231553	0.7235842256	-3.5525245976	0.7350000000	297.8625221984 -11.4507838401		   17.1978545493  487.9686915475	    0.7583333333   1.4933333333	  487.9686915475 201.4738308826		     410.0959099710 174.4134422882 160.0414304517		942.5863825750 -81.9683437500
440.6760932051	314.2056174407	940.7852235232	464.6892904251	0.9307348831	-3.2592870391	0.8650000000	299.3708708882 -11.5923291489		   17.0739662941  489.3307952797	    0.6300000000   1.4950000000	  489.3307952797 201.0137982015		     410.2484645256 174.9835375518 161.8365265247		943.7294829588 -76.8262812500
440.7344439027	314.5695988248	941.0138651339	464.7801394968	0.7558028205	-3.3953406792	0.9950000000	299.7176680250 -13.3460813937		   16.9117988314  491.8075522916	    0.5891666667   1.5841666667	  491.8075522916 200.8413782799		     410.4811789958 175.6950483099 163.6493698845		944.8035190527 -72.0625937500
441.2788774484	316.5922369359	941.9584029968	465.1875786849	0.7831764936	-2.1131414936	1.1150000000	301.6448102108 -13.0847040214		   17.0519712769  493.1811350003	    0.4616666667   1.5766666667	  493.1811350003 201.5080289593		     410.7457770094 177.1313417894 165.8736128411		945.8331374923 -69.2995859400
441.4834826144	315.2853644615	941.9634779770	465.2857803370	0.8014096677	-2.8906071466	1.2275000000	300.3996392560 -15.2679289453		   16.7799018642  495.1131713766	    0.4566666667   1.6841666667	  495.1131713766 201.1156910321		     410.7126408083 177.5209499083 167.2229308743		946.8191817880 -64.6437265600
441.7623592480	313.7970235917	941.7325035630	465.5862304031	0.6953471552	-3.4424104854	1.3125000000	298.9815689928 -14.5284318632		   16.8836413984  497.0210907805	    0.3358333333   1.6483333333	  497.0210907805 199.8876906458		     411.1330482449 177.7123766593 168.3567654820		947.7782036757 -59.7173203100
441.9378192880	312.9449018371	942.1941311505	465.9601380419	0.3490075702	-2.0805012756	1.3125000000	298.1696786527 -12.8197049020		   17.2128594346  497.9274649863	    0.2575000000   1.5700000000	  497.9274649863 199.7011799233		     412.1234203339 177.9849985932 169.5622464495		948.7209910562 -54.5203671900
441.8625920007	311.8612083660	941.8465447561	465.6821155489	1.1173998094	-0.7779473070	1.3150000000	297.1371496367 -12.7223367666		   17.4045540978  498.7849165260	    0.2591666667   1.5741666667	  498.7849165260 199.0844530378		     412.0146490570 175.4586181075 170.3429832424		949.5407640922 -33.3244687500
442.1579337887	311.4381323228	942.3303902496	465.3188094165	0.5571389922	-1.4070583897	1.3125000000	296.7340485344 -13.6051075072		   17.4087410800  501.1308135342	    0.3108333333   1.6233333333	  501.1308135342 198.6726445344		     412.8505591208 175.7273330260 170.5831301498		950.4068904204 -33.8777812500
442.5061110754	310.1950905716	942.6867241827	464.8672670208	0.3461295021	-1.3668156090	1.2675000000	295.5496958475 -14.2219612337		   17.4078852394  502.6620803842	    0.3900000000   1.6575000000	  502.6620803842 198.2864041925		     413.7525739764 176.5705696427 170.4916874678		951.3625964434 -40.4519062500
442.8830456351	308.6431090479	942.7304099457	464.5513104142	0.4348122070	-0.7284830962	1.1250000000	294.0709883458 -13.5394795334		   17.5651648813  503.3267207075	    0.5025000000   1.6275000000	  503.3267207075 197.7152459659		     414.0665669780 177.7079794091 169.8147904646		952.4474828044 -53.0468437500
443.0159759449	306.5116143897	942.1012936826	464.4898204115	0.5700573278	-0.2917484089	0.7950000000	292.0401286796 -14.4472195498		   17.7586894277  499.1121192943	    0.8925000000   1.6875000000	  499.1121192943 197.5097256056		     415.4272475516 178.8846522525 169.9005674771		953.6205874238 -61.0785703100
443.4819933826	304.5843132146	942.3377594420	463.9818479379	0.4850372274	-0.6862220499	0.5225000000	290.2038223006 -15.4231135394		   17.8764787144  495.3784977223	    1.2250000000   1.7475000000	  495.3784977223 197.1965120098		     416.3703430106 180.9513311778 167.8230488522		955.0131054652 -89.9487421900
442.7877482464	301.0868486543	941.5578905236	462.9457859693	0.6825484046	-0.4978612352	0.4850000000	286.8714858084 -16.3069625524		   17.9796741347  495.2528863941	    1.3166666667   1.8016666667	  495.2528863941 200.0246969633		     416.6199609290 183.2861112328 164.5585702018		956.6745530850 -129.0733359000
439.6855876703	294.4904344703	939.1173171680	461.2546297234	0.1423644770	0.4169026319	0.1275000000	280.5865106315 -23.4297401979		   18.2464760069  488.8810793526	    2.0825000000   2.2100000000	  488.8810793526 246.6604440759		     419.3672853477 186.6106602178 160.8137723058		958.6624148781 -178.4523516000
438.4903774204	285.5926817472	937.6846418512	458.7367899241	0.2471521243	-2.3653047990	0.0450000000	272.1088526232 -20.5122734502		   18.3492874786  486.1602724600	    2.0083333333   2.0533333333	  486.1602724600 261.4152908661		     422.2301912211 194.6007469831 150.2087805078		961.4606099425 -305.6144219000
438.4204254691	280.4942324295	937.3170196143	457.2083071210	-0.1670359516	0.2439586480	0.0450000000	267.2511182796 -18.5775816911		   19.3470436624  479.7558866286	    1.9508333333   1.9958333333	  479.7558866286 267.2299469706		     423.3383150248 197.3275949121 146.6572439475		964.4535767210 -348.4908281000
439.4050984938	279.1749446527	937.3744222968	456.0252057630	-0.0220255497	0.9229056098	0.0400000000	265.9941194330 -12.2031974265		   19.8014914762  475.3954117239	    1.6250000000   1.6650000000	  475.3954117239 266.0464868430		     423.4450957492 198.7581344969 144.2495851455		967.5166499243 -374.6102031000
439.5037945994	277.9261577519	938.0645750352	455.5476300956	0.2959380690	1.2381970420	0.0300000000	264.8042920349 -10.5977426000		   19.9157630125  476.6134919680	    1.5516666667   1.5816666667	  476.6134919680 279.6116601639		     423.4093669137 198.8063322555 142.9344269805		970.5347123552 -383.9725469000
439.9177351388	277.3972741251	938.3879872112	455.8586972534	0.3517849470	0.1967780721	0.0325000000	264.3003784983 -10.3742660932		   19.9637252811  474.9879706783	    1.5391666667   1.5716666667	  474.9879706783 282.8963865056		     422.9600922299 194.3512016256 146.1078871569		973.1274551120 -329.8594609000
440.1829605739	279.9797286952	939.1344242126	456.6725661015	0.4427025941	0.8992015155	0.0475000000	266.7609067657 -9.6886293544		   20.1746042293  478.9366443934	    1.4966666667   1.5441666667	  478.9366443934 279.5743750063		     423.3280773568 193.6285995111 146.3679269520		975.6026823501 -324.3951016000
440.4162145812	279.2933297404	939.5556219350	456.9618686844	0.4555411367	0.8726564236	0.0475000000	266.1069150631 -8.0919246639		   19.9451902141  479.2069505938	    1.3966666667   1.4441666667	  479.2069505938 277.3521309121		     423.6070241192 193.2309128829 146.8094665488		977.9746531899 -320.8610703000
441.1993811903	280.9947796804	939.9291507254	456.6664767637	0.5113641919	0.8234840739	0.0475000000	267.7280336578 -8.6789238929		   19.9774897771  481.1746756746	    1.4308333333   1.4783333333	  481.1746756746 276.3847179275		     424.1168781544 193.1450686005 147.4149278342		980.2551044108 -319.2573672000
441.9463499929	280.6444721595	939.4831157609	456.5154644409	0.4404258690	2.1562927903	0.0400000000	267.3942649237 -9.5165908903		   19.9316311557  482.4825880683	    1.4825000000   1.5225000000	  482.4825880683 287.3682029798		     424.8628766684 195.5778273267 149.0386991519		982.5289883329 -333.3259062000
442.2336494762	282.1948183559	940.0138583345	456.7068214062	0.7258818312	0.8678121348	0.0225000000	268.8714136667 -8.5064048971		   19.8519484339  482.4917972593	    1.4400000000   1.4625000000	  482.4917972593 301.1355955266		     425.8275180896 195.2863824918 149.6865539297		984.6993483518 -330.0860937000
442.3631633836	285.6184444978	939.9927675063	456.7979934438	0.6021872793	0.8960581852	0.0200000000	272.1333983091 -6.8908895572		   19.7102219194  481.0442002101	    1.3458333333   1.3658333333	  481.0442002101 303.4217113997		     429.4540781521 194.6931472656 150.4118544799		986.7482842577 -323.2798437000
442.6666143262	287.8548338128	940.8790770220	457.3155265605	0.1434865547	-0.5732499775	0.0175000000	274.2642005154 -6.3400560350		   19.2703693724  482.8490022913	    1.2958333333   1.3133333333	  482.8490022913 301.3484269177		     430.7500992945 194.1719457042 151.5856574316		988.6607572532 -312.9071562000
442.4878639099	290.4495995542	940.7098763420	457.4781292167	0.5269156027	1.1856755675	0.0250000000	276.7364585374 -6.1192998511		   19.2485243166  482.4921801379	    1.2750000000   1.3000000000	  482.4921801379 301.9946744960		     431.0665499555 191.2889912623 150.6357875441		990.4147407981 -296.8399063000
442.2876522670	291.8480089786	940.9564006985	457.2395398356	0.4555686002	1.2725636864	0.0375000000	278.0688437576 -5.8849361642		   18.9746227582  482.4497739458	    1.2358333333   1.2733333333	  482.4497739458 299.9287011961		     431.8385779812 190.0832268928 151.9599280640		992.0149037615 -280.1855938000
442.0967369114	291.4879482423	940.8310179186	457.2416831245	0.5369433811	0.8099197544	0.0350000000	277.7257824967 -5.0616175359		   18.7874726062  483.6172549718	    1.1833333333   1.2183333333	  483.6172549718 299.1718369252		     433.1081632080 188.7760181628 153.5899326075		993.4552488863 -260.8160938000
442.2607290484	292.7343553477	940.6053722807	457.6076365047	0.4038919051	3.0785675168	0.0400000000	278.9133422629 -3.4295434095		   19.0982955271  482.8375490742	    1.1033333333   1.1433333333	  482.8375490742 298.7202103387		     434.6129010006 187.6046101793 155.7328165663		994.7302107205 -238.7314063000
442.4243175432	294.0928370358	941.0325691403	457.3375849568	0.3900440211	0.3622988326	0.0350000000	280.2076855764 -4.8884916823		   18.6626056261  484.2178487043	    1.1675000000   1.2025000000	  484.2178487043 305.6155402495		     435.3995211018 185.8988759515 159.7376917541		995.7679258529 -199.2601250000
442.2462755574	295.2071650373	941.0061026566	457.3102693525	0.2075907546	1.5724458071	0.0300000000	281.2694022542 -5.0191829293		   18.6509654304  487.2700998043	    1.1791666667   1.2091666667	  487.2700998043 314.1922911427		     436.1504347159 185.1775922434 162.1366633124		996.6693478077 -177.6136250000
442.3561855602	295.6987188599	941.5313979173	457.4550877171	0.4811526970	1.3588110734	0.0200000000	281.7377482706 -7.6798361256		   18.5329549510  489.8943295208	    1.3308333333   1.3508333333	  489.8943295208 321.9381368352		     436.9336661737 184.3795629210 163.9841786623		997.4610503084 -159.1205000000
442.8659406799	297.1010839455	942.2573780187	457.1197790490	0.5141591059	1.3738849898	0.0225000000	283.0739027142 -7.5435560860		   18.4506390430  491.3830395392	    1.3166666667   1.3391666667	  491.3830395392 328.5138291738		     437.9457596287 183.7699468883 165.5620266773		998.1606133460 -143.7807500000
443.2395697118	298.4743724163	941.8154243046	457.5981845414	0.4144286222	2.6576695314	0.0175000000	284.3823529847 -6.4216437808		   18.4951108033  490.7397097027	    1.2616666667   1.2791666667	  490.7397097027 332.4193984946		     438.7946379057 183.4653694145 166.7292589959		998.8051025482 -133.5344922000
443.7552699560	300.4142678379	942.7224026825	458.0742104962	0.5618743879	1.5157062326	0.0225000000	286.2306597097 -5.2697642740		   18.2890144834  492.3166501252	    1.1825000000   1.2050000000	  492.3166501252 334.5429012795		     439.5755614317 183.2964056657 167.9910496086		999.4000041922 -123.7254453000
444.3129814683	302.5585397123	943.7472480167	458.4124663068	0.4543814242	1.7962571063	0.0225000000	288.2736931290 -5.0246273892		   18.1606733439  492.8056799711	    1.1625000000   1.1850000000	  492.8056799711 336.4203408896		     440.1973606843 183.4426101098 169.2553301898		999.9571802915 -116.2937266000
445.0908433672	302.7756204623	944.0006372374	458.8890835795	0.1446012735	2.8400754872	0.0250000000	288.4805240230 -5.0737179254		   18.1061220928  494.8407389932	    1.1600000000   1.1850000000	  494.8407389932 332.7722795212		     441.0646931696 184.1274517506 170.7552204857		1000.4881174346 -111.2393359000
445.1854752211	303.5612597355	944.3731035533	458.8095545487	-0.0173777044	3.7574313909	0.0275000000	289.2290712108 -3.9325526087		   18.1719885242  497.8375649462	    1.0975000000   1.1250000000	  497.8375649462 333.8831876011		     442.4636558058 185.7044511859 173.1121611293		1000.9984966927	-107.2586016000
445.5863957378	303.8871596580	944.8253796217	458.7521772893	0.5382193414	4.1085433743	0.0300000000	289.5395843320 -5.4778979411		   18.1245129196  498.1615728838	    1.1783333333   1.2083333333	  498.1615728838 333.3823599231		     442.8510138042 186.1714271502 173.7155613587		1001.5074204498	-107.4803359000
445.9968829417	304.3591263755	944.9753452975	458.5582502196	0.3360553930	4.0184176229	0.0350000000	289.9892671664 -7.3819814526		   18.0624493310  499.3686780555	    1.2758333333   1.3108333333	  499.3686780555 333.1513090162		     443.4895065936 186.7533527748 174.0712022451		1002.0273198017	-110.6008672000
446.2355550877	303.3091894389	944.8411255683	458.7972106301	0.2056169457	4.8560472935	0.0400000000	288.9889013643 -8.1194914483		   18.1278889389  499.1506281378	    1.3150000000   1.3550000000	  499.1506281378 331.8437029092		     444.3907839641 187.4099273612 174.1486586486		1002.5710511225	-116.6201953000
446.4509899992	302.8167578360	944.6526580666	459.2620005180	0.0624166103	3.8496310171	0.0900000000	288.5197197541 -7.5655118547		   18.1757744225  497.4183761614	    1.2366666667   1.3266666667	  497.4183761614 328.6822136678		     446.0998741317 188.1073377758 172.7432032613		1003.1936883928	-135.2028906000
447.0621063227	302.6947183176	944.9690773169	459.0460890722	0.6013605042	4.4350535238	0.0925000000	288.4034416894 -4.6016826322		   18.2633212215  498.1603162475	    1.0741666667   1.1666666667	  498.1603162475 327.8593224633		     447.0663346424 188.2702468379 172.1013946950		1003.8500690517	-143.1539844000
447.5816854152	302.7690557261	945.3883900077	459.1944437229	0.3400982294	4.6899450900	0.1000000000	288.4742699324 -2.7046481523		   18.3175516610  501.7884702478	    0.9641666667   1.0641666667	  501.7884702478 325.2096999721		     448.1075746254 188.6038780429 171.7486909875		1004.5361474329	-150.1380469000
448.0258257248	302.8285608966	945.5570316380	458.8442779412	0.5021948021	3.0002645481	0.1125000000	288.5309654932 -4.6309321190		   18.0972292551  502.7322947788	    1.0475000000   1.1600000000	  502.7322947788 318.8834179221		     448.8341261567 188.7150102156 171.2898165845		1005.2476095333	-156.1550781000
448.6703458769	304.7800230234	945.9768896569	459.3156920869	0.4943638478	3.7207359325	0.1750000000	290.3902921470 -4.6144550338		   18.2157258299  502.2862472328	    0.9900000000   1.1650000000	  502.2862472328 323.0029701472		     449.7155713242 189.0362044683 171.5811767856		1005.9646590763	-157.5027344000
449.0852077746	305.7331397559	946.5244913767	459.8168737828	0.2506921920	3.5887563632	0.2375000000	291.2984091599 -4.5980365748		   18.0601793974  504.6407346753	    0.8866666667   1.1241666667	  504.6407346753 324.1578362527		     450.5284539817 189.3937514464 171.4237949047		1006.7078528989	-163.0666406000
