1.2750641026	1.2750641026
205.0366432456	205.4688170504
-20.1100903736	-20.1100903736
195.3561459689	195.7679153388
0.8065050572	0.8065050572
-81.7196532376	-81.3535227243
341.3410200342	341.8034414409
851.8919190424	852.2980674215
466.2804600767	466.2527193630
18.5335417909	18.5335417909
0.7650605413	0.7650605413
2.0401246439	2.0401246439
396.3041633032	396.7691271288
0.8065050572	0.8065050572
205.4688170504	205.9009908551
18.5335417909	18.5335417909
-81.3535227243	-80.9873922110
341.8034414409	342.2658628475
466.2527193630	466.2249786493
-20.1100903736	-20.1100903736
2.0401246439	2.0401246439
79.0372530211	79.5108860616
0.0000000000	0.0000000000
0.0000000000	0.0000000000
0.0000000000	0.0000000000
0.0000000000	0.0000000000
0.0000000000	0.0000000000
0.0000000000	0.0000000000
0.0000000000	0.0000000000
0.0000000000	0.0000000000
0.0000000000	0.0000000000
0.0000000000	0.0000000000
0.0000000000	0.0000000000
133.6949363639	134.5123737024
333.9648636101	334.4651365301
-3.1746718750	-3.4417031250
564.4724849243	566.3704907954
0.8065050572	0.8065050572
564.4724849243	566.3704907954
